298.15 -35.613 -40.599 -40.047 -6.005 1 1 1
300 -35.378 -40.330 -39.785 -5.693 1 1 1
400 -25.876 -29.469 -29.238 -4.265 1 1 1
500 -20.158 -22.936 -22.884 -3.246 1 1 1
600 -16.335 -18.570 -18.631 2.586 1 1 1
700 -13.597 -15.446 -15.582 -2.085 1 1 1
800 -11.538 -13.098 -13.287 -1.724 1 1 1
900 -9.932 -11.296 -11.496 -1.444 1 1 1
1000 -8.644 -9.803 -10.060 -1.222 1 1 1
1100 -7.587 -8.603 -8.881 -1.041 1 1 1
1200 -6.705 -7.601 -7.897 -0.891 1 1 1
1300 -5.956 -6.752 -7.063 -0.764 1 1 1
1400 -5.313 -6.024 -6.346 -0.656 1 1 1
1500 -4.754 -5.392 -5.724 -0.563 1 1 1
1600 -4.264 -4.939 -5.179 -0.482 1 1 1
1700 -3.831 -4.350 -4.698 -0.410 1 1 1
1800 -3.446 -3.915 -4.296 -0.347 1 1 1
1900 -3.100 -3.525 -3.885 -0.291 1 1 1
2000 -2.788 -3.175 -3.540 -0.240 1 1 1
2200 -2.249 -2.568 -2.942 -0.153 1 1 1
2400 -1.798 -2.062 -2.443 -0.082 1 1 1
2600 -1.415 -1.633 -2.021 -0.021 1 1 1
2800 -1.087 -1.265 -1.658 0.030 1 1 1
3000 -0.801 -0.946 -1.344 0.074 1 1 1
3500 -0.228 -0.307 -0.713 0.160 1 1 1
4000 0.203 0.173 -0.239 0.223 1 1 1
4500 0.539 0.547 0.131 0.270 1 1 1
5000 0.809 0.846 0.428 0.307 1 1 1
5500 1.029 1.092 0.672 0.335 1 1 1
6000 1.213 1.296 0.877 0.357 1 1 1